0.04686797005216204 -0.053649360302626826 -0.00116878361421 
0.04427483430535653 -0.05585003894702949 -0.00674924502010732 
0.04788430797639449 -0.05040469333650266 -0.00674924502010732 
0.0504774437232 -0.0482040146921 -0.00116878361421 
0.051494334146081004 -0.04495851421218271 -0.00674924502010732 
0.05510380781711896 -0.03951316860165588 -0.00674924502010732 
0.05408691739423795 -0.04275866908157317 -0.00116878361421 
0.053070579470005506 -0.04600333604769734 0.00441167779168732 
0.0520532713142648 -0.04924855963136847 0.009989181355850066 
0.04926165378683764 -0.05174958013754456 0.00441167779168732 
0.05946941687880353 -0.02315429219768615 -0.00116878361421 
0.05836685682927896 -0.026326968778403594 -0.006774795891342422 
0.059019912225375434 -0.019826691272817446 -0.006774795891342422 
0.0601224722749 -0.0166540146921 -0.00116878361421 
0.05967306758403062 -0.013325418776031911 -0.006774795891342422 
0.06032612298012709 -0.006825141270445763 -0.006774795891342422 
0.060775527670996476 -0.010153737186513852 -0.00116878361421 
0.06122503232442457 -0.013481338111382555 0.0044372286629224215 
0.061674025717217876 -0.016809892706072017 0.010040269555455656 
0.060535890444631354 -0.020340807439946908 0.0044372286629224215 
0.0607649778415585 0.01015670597796149 -0.00116878361421 
0.0603103681300636 0.0068288153251955305 -0.006774794924709425 
0.0596674657674051 0.013330104855134042 -0.006774794924709425 
0.0601220754789 0.0166579955079 -0.00116878361421 
0.05902446499630291 0.019832389531181528 -0.006774794924709425 
0.058381562633644406 0.026333679061120045 -0.006774794924709425 
0.0594791731162415 0.023159285037838512 -0.00116878361421 
0.0605766851903949 0.01998588616066596 0.004437227696289425 
0.061673884307216174 0.016811451458065663 0.010040267622702014 
0.06125511300122724 0.013125348885387206 0.004437227696289425 
0.05407621031383965 0.0427573075262621 -0.00116878361421 
0.05508826101279079 0.03951028428640318 -0.006749239013419694 
0.05148685996225115 0.04496097226804109 -0.006749239013419694 
0.0504748092633 0.0482079955079 -0.00116878361421 
0.04788490764873116 0.05041249458122372 -0.006749239013419694 
0.044283506598191524 0.05586318256286163 -0.006749239013419694 
0.046873408212760356 0.05365868348953791 -0.00116878361421 
0.049462758564348855 0.051455018747758915 0.0044116717849996935 
0.05205224202054783 0.04925024338711192 0.00998916934565857 
0.05326316555079005 0.045703137078478076 0.0044116717849996935 
0.04620827093178802 -0.056772477012467196 0.00845119932043379 
0.049456261500885695 -0.05571604861624015 0.014022860231391824 
0.04410295995279768 -0.05946067830887295 0.014022877296748032 
0.0408549693837 -0.0605171067051 0.00845121638579 
0.038748838980012267 -0.063205881188356 0.014022894364716418 
0.033395537431924256 -0.0669505108809888 0.014022911430072628 
0.03550166783561198 -0.0642617363977328 0.00845123345114621 
0.03760697881460232 -0.06157353510132705 0.002879555474831968 
0.0397134118314081 -0.05888519321862415 -0.0026891693224098522 
0.04325609267845029 -0.05762198495575678 0.002879537466479648 
0.060258969518944445 -0.026805722136478992 0.00845119920352503 
0.061829046595317384 -0.023843704272131595 0.01406102960608936 
0.06014188512507294 -0.030155088840752596 0.01406104678835433 
0.0585718080487 -0.0331171067051 0.00845121638579 
0.05845446540265181 -0.036467439486913576 0.014061063973249372 
0.056767303932407365 -0.04277882405553458 0.01406108115551434 
0.05688464657845555 -0.03942849127372101 0.00845123356805497 
0.05700173097232706 -0.0360791245694474 0.0028413859832256702 
0.05711945861866597 -0.032728894697947646 -0.002765488191338818 
0.058782121478352656 -0.02941898600889739 0.0028413678515044546 
0.062125913234277165 0.00653299793022301 0.008451199174509108 
0.06280595590436794 0.009799472449082192 0.014070502973424014 
0.06280075557689077 0.0032664745188592005 0.014070520184704904 
0.0621207129068 1.7763568394e-17 0.00845121638579 
0.0627955544534045 -0.0032675234110469734 0.014070537398620311 
0.06279035412592734 -0.009800521341269965 0.014070554609901203 
0.06211551257932283 -0.0065329979302229755 0.008451233597070892 
0.061440670236709224 -0.003266474518859165 0.002831912586875095 
0.06076618775836002 1.0486142128650325e-06 -0.0027844299918178272 
0.06144615792347297 0.0036275232969922525 0.0028318944245345973 
0.05689329346356888 0.03943505917496335 0.008451199203534474 
0.056781117815979575 0.04278560287274367 0.014061026522922526 
0.05845857152701069 0.03647163121878032 0.014061043705178052 
0.0585707471746 0.033121087521 0.00845121638579 
0.06013628200426117 0.03015669309127434 0.014061060890063648 
0.061813735715292285 0.02384272143731099 0.014061078072319174 
0.06024820088563112 0.02680711586703665 0.008451233568045526 
0.05868292282218931 0.029770543823219687 0.002841389066401948 
0.05711777315838912 0.032735040589323805 -0.0027654820266110134 
0.05691277650597187 0.036433412426070344 0.0028413709346906983 
0.035501321430818904 0.0642733338838943 0.0084511993204512 
0.03339901508442297 0.0669651464809724 0.01402285454741159 
0.03874698070060407 0.0632129001180781 0.014022871612750391 
0.040849287047 0.060521087521 0.00845121638579 
0.04409576492471662 0.0594600794024572 0.014022888680701364 
0.049443730540897714 0.05570783303956289 0.014022905746040164 
0.046197252663181095 0.056768841158105696 0.0084512334511288 
0.04295159339339593 0.057829274923921904 0.0028795611588296093 
0.03970541874135016 0.05889071523446432 -0.0026891579574098816 
0.03730811031396038 0.06178886262111972 0.002879543150495661 
0.03933438735390471 -0.06570751675110294 0.0278212163858 
0.036387984125196754 -0.06726196599397519 0.022198825029340258 
0.04145853275979204 -0.06314254545897226 0.022198825029340258 
0.0444049359885 -0.0615880962161 0.0278212163858 
0.04652985753836936 -0.05902249436824683 0.022198825029340258 
0.051600406172964644 -0.054903073833243894 0.022198825029340258 
0.049475484623095284 -0.057468675681097064 0.0278212163858 
0.04735133921720795 -0.060033646973227744 0.03344360774225974 
0.04522619996017989 -0.06259898084777571 0.03906301903262949 
0.042000602605100204 -0.06438069812404823 0.03344360774225974 
0.05920656306974245 -0.03955793123719964 0.0278212163858 
0.058014160769590414 -0.04263070877014896 0.022178069746947346 
0.059550287133147965 -0.03628087374904933 0.022178069746947346 
0.0607426894333 -0.0332080962161 0.0278212163858 
0.0610866486300843 -0.029930066764836095 0.022178069746947346 
0.06262277499364186 -0.023580231743736454 0.022178069746947346 
0.06227881579685755 -0.02685826119500036 0.0278212163858 
0.06193509173345204 -0.03013531868315067 0.03346436302465265 
0.06159090768425519 -0.03341329373902986 0.03910451859638224 
0.06031408222015558 -0.036836032388257195 0.03346436302465265 
0.0639941387583988 -0.006532997928593662 0.0278212163858 
0.0636139273713186 -0.00979969619187643 0.02217382665621697 
0.0636191297737198 -0.003266698263282755 0.02217382665621697 
0.0639993411608 1.42108547152e-17 0.0278212163858 
0.06362433297244771 0.003267299664993852 0.02217382665621697 
0.06362953537484892 0.009800297593587528 0.02217382665621697 
0.0640045435632012 0.006532997928593689 0.0278212163858 
0.06437955254788019 0.0032666982632827838 0.03346860611538303 
0.0647543605897019 -6.012423289752732e-07 0.039113002528854975 
0.06437406267153642 -0.0036272995508492838 0.03346860611538303 
0.06226804637389033 0.02685987691696782 0.0278212163858 
0.06260692520577114 0.023581316072037548 0.02217807108168163 
0.06108060849598082 0.029933516187069728 0.02217807108168163 
0.0607417296641 0.033212077032 0.0278212163858 
0.059554058154365944 0.03628668862723814 0.02217807108168163 
0.05802774144457561 0.04263888874227032 0.02217807108168163 
0.05921541295430967 0.03956427714703218 0.0278212163858 
0.060402850832219177 0.03649063787693027 0.03346436168991837 
0.06159029739689726 0.03341597223153762 0.039104515927621125 
0.062013508630672336 0.029787428387716763 0.03346436168991837 
0.04946465312578027 0.05746535729154292 0.0278212163858 
0.051585856390796145 0.05489667207319311 0.022198828818447744 
0.046521246516015864 0.05902339181365018 0.022198828818447744 
0.044400043251 0.061592077032 0.0278212163858 
0.04145586140629379 0.06315074322711207 0.022198828818447744 
0.03639125153151351 0.06727746296756915 0.022198828818447744 
0.039335433376219725 0.06571879677245708 0.0278212163858 
0.04227883998598413 0.06416076225034982 0.033443603953152254 
0.045222803726826466 0.06260182838235173 0.039063011456422866 
0.047623309674754255 0.059806008555154486 0.033443603953152254 
0.05862273136794405 -0.04323364073185719 0.037511199059426355 
0.06032574807404777 -0.040439302273268356 0.043168079443311365 
0.05725131468840372 -0.04620367113351117 0.04316809676968501 
0.0555482979823 -0.0489980095921 0.0375112163858 
0.054176410702210825 -0.05196892234012782 0.04316811409871079 
0.05110197731656677 -0.057733291200370636 0.04316813142508444 
0.052473864596655956 -0.054762378452342816 0.03751123371217365 
0.05384528127619628 -0.05179234805068884 0.03185433600191499 
0.0552172563114337 -0.048821482097967404 0.026200436640089926 
0.05708960145997557 -0.045709452149492756 0.03185431771812195 
0.06434569373720744 -0.01016919787450029 0.03751119905463546 
0.06475839104697573 -0.006925654277104178 0.0431696436167303 
0.06419673365626828 -0.013434465994703888 0.043169660947894845 
0.0637840363465 -0.0166780095921 0.0375112163858 
0.06363499029320652 -0.01994427400982658 0.043169678281712254 
0.06307333290249906 -0.02645308572742629 0.043169695612876806 
0.06322237895579255 -0.023186821309699714 0.03751123371696455 
0.06337133903673171 -0.019921553189496115 0.03185277182370516 
0.06352045496226631 -0.016655294793188353 0.02619730910794962 
0.0639640324473451 -0.013053078066102203 0.03185275353485648 
0.0632322353692503 0.02319167397926843 0.03751119905463565 
0.06308830627631967 0.02645819801372356 0.04316964355365967 
0.06363976688266938 0.019948514442355132 0.04316966088482402 
0.0637836959756 0.0166819904079 0.0375112163858 
0.06419131190056147 0.013437834440009913 0.04316967821864123 
0.06474277250691118 0.006928150868641483 0.043169695549805584 
0.06433515658194972 0.010172306836531569 0.037511233716964354 
0.06392762506853063 0.013415466373444866 0.03185277188677599 
0.06352007902523843 0.016659628269267788 0.026197309234058046 
0.06334569189538278 0.02028486152743445 0.03185275359792752 
0.0524804159205457 0.054770975403197274 0.03751119905942781 
0.05111299575840875 0.05774398075098021 0.0431680789681969 
0.05417875848956305 0.051974995755682936 0.043168096294569094 
0.0555461786517 0.0490019904079 0.0375112163858 
0.057244990494057506 0.0462051277074245 0.04316811362359342 
0.06031075322521181 0.04043614271212723 0.04316813094996561 
0.058611941382854305 0.04323300541260273 0.037511233712172194 
0.05691359881383695 0.046028985060117066 0.03185433647703091 
0.05521487479612968 0.04882589444150617 0.026200437590071388 
0.053678428406891014 0.05211675217439525 0.0318543181932394 
0.05259418218247282 -0.0547721981367923 0.0568712163858 
0.05106597286743608 -0.05765973433387017 0.0512112163858 
0.05412192372606327 -0.051885545789177874 0.0512112163858 
0.0556501330411 -0.0489980095921 0.0568712163858 
0.05717834235613674 -0.04611047339502213 0.0512112163858 
0.06023429321476392 -0.040336284850329834 0.0512112163858 
0.05870608389972719 -0.043223821047407705 0.0568712163858 
0.05717834235613674 -0.04611047339502213 0.0625312163858 
0.0556501330411 -0.0489980095921 0.0681882163858 
0.05395352600539806 -0.05220373159601841 0.0625312163858 
0.06329022660554615 -0.02318699304868497 0.0568712163858 
0.06301035196448473 -0.026441982938882898 0.0512112163858 
0.06357001557943859 -0.019932999482297934 0.0512112163858 
0.0638498902205 -0.0166780095921 0.0568712163858 
0.06412976486156141 -0.013423019701902069 0.0512112163858 
0.06468942847651526 -0.006914036245317104 0.0512112163858 
0.06440955383545385 -0.010169026135515034 0.0568712163858 
0.06412976486156141 -0.013423019701902069 0.0625312163858 
0.0638498902205 -0.0166780095921 0.0681882163858 
0.06353917539860537 -0.02029167605422057 0.0625312163858 
0.06439901575131973 0.010172138061401409 0.0568712163858 
0.064673790140793 0.006916713659746596 0.0512112163858 
0.06412432546787325 0.013426566006245186 0.0512112163858 
0.0638495510784 0.0166819904079 0.0568712163858 
0.06357477668892675 0.019937414809554813 0.0512112163858 
0.063025312016007 0.026447267156053403 0.0512112163858 
0.06330008640548027 0.02319184275439859 0.0568712163858 
0.06357477668892675 0.019937414809554813 0.0625312163858 
0.0638495510784 0.0166819904079 0.0681882163858 
0.06415460363751219 0.013067841554272203 0.0625312163858 
0.05869528975069826 0.04322321049046289 0.0568712163858 
0.06021915282014674 0.040333378255614116 0.0512112163858 
0.05717189312234848 0.046112158173051226 0.0512112163858 
0.0556480300529 0.0490019904079 0.0568712163858 
0.054124166983451516 0.051891822642748775 0.0512112163858 
0.051076907285653256 0.057670602560185885 0.0512112163858 
0.05260077035510174 0.05478077032533711 0.0568712163858 
0.054124166983451516 0.051891822642748775 0.0625312163858 
0.0556480300529 0.0490019904079 0.0681882163858 
0.05733981191787999 0.045793719359293786 0.0625312163858 
0.06286810747930341 -0.02664715902379759 0.06656119904989788 
0.06360644035244717 -0.023464667593359634 0.0722211903806001 
0.06213000739094375 -0.029828647064562046 0.07222120771650221 
0.0613916745178 -0.033011138495 0.0665612163858 
0.060653348433272955 -0.03619360066395536 0.07222122505505792 
0.05917691547176954 -0.04255758013515778 0.07222124239096005 
0.05991524155629658 -0.03937511796620241 0.06656123372170211 
0.060653341644656245 -0.03619362992543796 0.06090122505509778 
0.06139166773098239 -0.03301116774872778 0.05524421638583984 
0.06221135922258438 -0.029477990177317732 0.06090120676124974 
0.06450520240240121 0.006532997928570675 0.06656119904989788 
0.06450780401372544 0.009800011912010943 0.0722211903806001 
0.06450260161132425 0.00326701398344027 0.07222120771650221 
0.0645 0.0 0.0665612163858 
0.06449739841259633 -0.0032669839448133333 0.07222122505505792 
0.06449219601019512 -0.009799981873384007 0.07222124239096005 
0.0644947975975988 -0.006532997928570675 0.06656123372170211 
0.06449739838867576 -0.00326701398344027 0.06090122505509778 
0.06449999997608577 -3.003066616960215e-08 0.05524421638583984 
0.06450288826501954 0.003626983830667526 0.06090120676124974 
0.05992416466421739 0.03938137441730664 0.06656119904989788 
0.0591907542708244 0.042565003844743016 0.0722211903806001 
0.06065734382480701 0.03619874873833638 0.07222120771650221 
0.0613907542182 0.0330151193109 0.0665612163858 
0.062124157868236114 0.029831519155409554 0.07222122505505792 
0.06359074742221872 0.02346526404900292 0.07222124239096005 
0.0628573437721826 0.026648864204493368 0.06656123372170211 
0.06212416461159299 0.029831489883463624 0.06090122505509778 
0.061390760959769766 0.03301509004671166 0.05524421638583984 
0.06057653436742399 0.036549531013659146 0.06090120676124974