-0.0482040146921 -0.00116878361421
-0.0166540146921 -0.00116878361421
0.0166579955079 -0.00116878361421
0.0482079955079 -0.00116878361421
-0.0605171067051 0.00845121638579
-0.0331171067051 0.00845121638579
1.7763568394e-17 0.00845121638579
0.033121087521 0.00845121638579
0.060521087521 0.00845121638579
-0.0615880962161 0.0278212163858
-0.0332080962161 0.0278212163858
1.42108547152e-17 0.0278212163858
0.033212077032 0.0278212163858
0.061592077032 0.0278212163858
-0.0489980095921 0.0375112163858
-0.0166780095921 0.0375112163858
0.0166819904079 0.0375112163858
0.0490019904079 0.0375112163858
-0.0489980095921 0.0568712163858
-0.0166780095921 0.0568712163858
0.0166819904079 0.0568712163858
0.0490019904079 0.0568712163858
-0.033011138495 0.0665612163858
0.0 0.0665612163858
0.0330151193109 0.0665612163858
