0.0871786 0.252566 
0.0820489 0.238307 
0.0945822 0.24006 
0.100746 0.253903 
0.106922 0.240866 
0.118713 0.240771 
0.113868 0.253904 
0.107949 0.269719 
0.100604 0.28888 
0.0924598 0.269199 
0.0929541 0.227146 
0.0815455 0.224262 
0.0890238 0.215481 
0.0996129 0.217984 
0.0956165 0.207573 
0.101422 0.200508 
0.105413 0.209866 
0.109751 0.219983 
0.114461 0.230889 
0.103663 0.22991 
0.0646739 0.191077 
0.0619258 0.180823 
0.0720493 0.183787 
0.0750051 0.193987 
0.0819107 0.186637 
0.0913362 0.189301 
0.0850016 0.196661 
0.0780892 0.204616 
0.0705894 0.213108 
0.0669703 0.201675 
0.0788616 0.170768 
0.0695179 0.166753 
0.0774744 0.160461 
0.0864091 0.16468 
0.0851314 0.154522 
0.0924194 0.149008 
0.0935841 0.158972 
0.0947238 0.168716 
0.0958347 0.178241 
0.087259 0.17496 
0.0643879 0.133454 
0.0640288 0.120752 
0.0738892 0.127367 
0.0739172 0.139469 
0.0830566 0.133977 
0.091462 0.140379 
0.0827958 0.145405 
0.0739435 0.150808 
0.0650397 0.156469 
0.0641985 0.145032 
0.0331413 0.344552 
0.0292695 0.309648 
0.0475269 0.317747 
0.0551123 0.354092 
0.0669617 0.321335 
0.0861839 0.319648 
0.0779758 0.355131 
0.0660331 0.404607 
0.0477742 0.473779 
0.0373672 0.394165 
0.0497908 0.289072 
0.0341711 0.281836 
0.0456966 0.267515 
0.0606052 0.272086 
0.0557763 0.254032 
0.0644954 0.241757 
0.0697349 0.2569 
0.0759783 0.274659 
0.0834689 0.295492 
0.0659333 0.295019 
0.0187998 0.226648 
0.0187795 0.213892 
0.0291824 0.219675 
0.0299008 0.233251 
0.040175 0.225319 
0.0515228 0.23057 
0.0416524 0.239524 
0.030722 0.248764 
0.018851 0.257857 
0.018192 0.240746 
0.0342648 0.206587 
0.0238431 0.202286 
0.0325592 0.195255 
0.0430114 0.199174 
0.0410684 0.188278 
0.0492585 0.181506 
0.0513934 0.191931 
0.0536523 0.202949 
0.0560373 0.21459 
0.0445905 0.211181 
0.0150982 0.168883 
0.0136602 0.158386 
0.0235702 0.162252 
0.0250695 0.172859 
0.0335275 0.166312 
0.0433345 0.170444 
0.0350574 0.176914 
0.0265821 0.183562 
0.0180248 0.190243 
0.0160025 0.179282 
0.032801 0.14915 
0.0230248 0.144366 
0.0320216 0.137523 
0.0419735 0.142762 
0.0414153 0.130745 
0.0510558 0.124241 
0.0513725 0.136541 
0.0516747 0.148224 
0.0519582 0.159333 
0.0420038 0.154524 
0.0173885 0.104263 
0.0168197 0.087941 
0.028269 0.0959356 
0.0281949 0.111463 
0.039045 0.104468 
0.0489778 0.113111 
0.0383994 0.118998 
0.0281284 0.125369 
0.0183547 0.131962 
0.0173191 0.118502 
-0.113874 0.253919 
-0.118733 0.240787 
-0.106936 0.240871 
-0.100746 0.253903 
-0.0945943 0.240055 
-0.0820633 0.238291 
-0.0871788 0.25255 
-0.0932645 0.269269 
-0.10057 0.28888 
-0.108726 0.2697 
-0.105423 0.209869 
-0.101439 0.200509 
-0.0956239 0.207571 
-0.0996129 0.217984 
-0.089022 0.215475 
-0.0815352 0.224249 
-0.0929431 0.22714 
-0.103997 0.22936 
-0.11446 0.230902 
-0.110049 0.219508 
-0.0850057 0.196663 
-0.0913484 0.189303 
-0.0819172 0.186638 
-0.0750051 0.193987 
-0.0720527 0.183787 
-0.0619292 0.180823 
-0.0646729 0.191076 
-0.0675531 0.201835 
-0.0705797 0.213105 
-0.0786561 0.204761 
-0.0935888 0.15897 
-0.0924223 0.149005 
-0.0851297 0.154523 
-0.0864091 0.16468 
-0.0774698 0.160464 
-0.0695123 0.166757 
-0.0788584 0.170769 
-0.0876613 0.174623 
-0.0958432 0.17824 
-0.0951082 0.1684 
-0.0828025 0.1454 
-0.0914725 0.140368 
-0.0830584 0.13397 
-0.0739172 0.139469 
-0.0738839 0.127367 
-0.0640188 0.120762 
-0.0643836 0.133461 
-0.0647233 0.14534 
-0.0650455 0.156472 
-0.0744398 0.151107 
-0.0779808 0.355194 
-0.0862165 0.319705 
-0.0669856 0.321357 
-0.0551123 0.354092 
-0.0475521 0.317733 
-0.0293049 0.309605 
-0.0331519 0.344498 
-0.0387714 0.395048 
-0.0476929 0.473727 
-0.0675306 0.404704 
-0.0697486 0.25691 
-0.0645205 0.24176 
-0.0557912 0.254026 
-0.0606052 0.272086 
-0.0457025 0.267495 
-0.0341709 0.281792 
-0.0497781 0.289052 
-0.0664951 0.293887 
-0.0834572 0.295538 
-0.076449 0.273708 
-0.04165 0.239536 
-0.0515315 0.230586 
-0.0401824 0.225326 
-0.0299008 0.233251 
-0.0291924 0.219675 
-0.0187952 0.213887 
-0.0188062 0.22664 
-0.018817 0.241161 
-0.0188345 0.257842 
-0.0313898 0.24917 
-0.0513979 0.191933 
-0.0492669 0.181506 
-0.0410732 0.188278 
-0.0430114 0.199174 
-0.0325623 0.195252 
-0.023847 0.20228 
-0.0342626 0.206584 
-0.0450712 0.210747 
-0.0560336 0.214597 
-0.0541115 0.202531 
-0.0350588 0.176913 
-0.0433402 0.170441 
-0.0335292 0.16631 
-0.0250695 0.172859 
-0.0235709 0.162252 
-0.0136631 0.15839 
-0.0150999 0.168884 
-0.0165521 0.179505 
-0.0180243 0.190242 
-0.0271356 0.183785 
-0.0513719 0.136534 
-0.051051 0.124232 
-0.0414112 0.130745 
-0.0419735 0.142762 
-0.0320211 0.137529 
-0.0230304 0.144377 
-0.0328043 0.149155 
-0.0425082 0.154191 
-0.0519655 0.15933 
-0.0521865 0.147896 
-0.0384055 0.118988 
-0.048985 0.113089 
-0.0390427 0.104454 
-0.0281949 0.111463 
-0.0282597 0.0959355 
-0.0168074 0.0879591 
-0.0173857 0.104276 
-0.017901 0.11886
-0.0183681 0.131969
-0.0286865 0.125736
