-0.07531 -0.0218279 
-0.0783634 -0.0296251 
-0.0725001 -0.0316258 
-0.0690633 -0.023311 
-0.0657684 -0.0330167 
-0.0582734 -0.0336929 
-0.0620167 -0.0242146 
-0.0655002 -0.0149093 
-0.0687266 -0.00583529 
-0.0724303 -0.0138068 
-0.0362818 -0.0301793 
-0.0411168 -0.0386695 
-0.0318444 -0.0411882 
-0.0266949 -0.0320191 
-0.0217939 -0.0428561 
-0.011242 -0.0435165 
-0.0164786 -0.0330421 
-0.0215042 -0.0226775 
-0.0262967 -0.0125115 
-0.0318512 -0.0213458 
0.016486 -0.0330555 
0.0112509 -0.04354 
0.0218032 -0.0428628 
0.026701 -0.0320182 
0.0318504 -0.0411792 
0.0411169 -0.0386471 
0.0362834 -0.0301656 
0.0313315 -0.0214279 
0.0262991 -0.0125112 
0.0209518 -0.0227311 
0.062023 -0.0242245 
0.0582815 -0.0337106 
0.0657758 -0.0330215 
0.0690682 -0.0233101 
0.0725049 -0.0316187 
0.0783646 -0.0296076 
0.0753119 -0.0218172 
0.0720926 -0.0138729 
0.0687286 -0.00583498 
0.0651194 -0.0149558 
-0.0775575 -0.00676024 
-0.074787 0.00170832 
-0.0803182 0.00140287 
-0.0828811 -0.00690307 
-0.0852543 0.00147284 
-0.0894853 0.00191343 
-0.0875307 -0.00659345 
-0.0853413 -0.0153092 
-0.0829071 -0.0241835 
-0.0799736 -0.0153985 
-0.0406442 -0.0129984 
-0.0359811 -0.00423335 
-0.0448214 -0.00341831 
-0.0492185 -0.0117496 
-0.0529304 -0.00216327 
-0.0601829 -0.000560284 
-0.0569667 -0.0100301 
-0.053482 -0.0199057 
-0.049716 -0.0301521 
-0.0447553 -0.0217428 
0.0104581 -0.0165116 
0.0154163 -0.00652327 
0.00519431 -0.00713463 
2.85952e-17 -0.0168839 
-0.0051964 -0.00713927 
-0.0154216 -0.00653675 
-0.0104598 -0.0165226 
-0.00530897 -0.0266619 
1.72565e-06 -0.0368648 
0.00589332 -0.0266299 
0.0569673 -0.0100207 
0.0601797 -0.000549614 
0.0529321 -0.00215898 
0.0492236 -0.0117486 
0.0448266 -0.00342169 
0.0359876 -0.00424526 
0.040652 -0.0130072 
0.0452423 -0.0216669 
0.0497241 -0.0301501 
0.0539151 -0.0197865 
0.0875346 -0.00658581 
0.0894873 0.00192277 
0.085258 0.00147609 
0.0828864 -0.00690298 
0.0803226 0.00139975 
0.0747905 0.001699 
0.0775629 -0.00676778 
0.0802792 -0.0154131 
0.0829148 -0.0241833 
0.0856054 -0.0152831 
-0.0858012 0.0210388 
-0.0879541 0.0136462 
-0.0835919 0.0131951 
-0.081115 0.0207893 
-0.0785315 0.0130096 
-0.0728684 0.0131018 
-0.0757843 0.0207527 
-0.078516 0.0283464 
-0.0810582 0.0358379 
-0.0837532 0.0284617 
-0.0555545 0.0188525 
-0.0592149 0.0113548 
-0.0520291 0.0101016 
-0.0479695 0.0179625 
-0.0439987 0.00910038 
-0.035239 0.00842209 
-0.0396003 0.0172992 
-0.0437521 0.0259926 
-0.0476852 0.0344507 
-0.0521217 0.0266026 
-0.010156 0.0155217 
-0.0152254 0.0067677 
-0.00512802 0.00631886 
2.22047e-17 0.0153453 
0.00512854 0.00632244 
0.0152226 0.00677812 
0.0101543 0.0155272 
0.0050676 0.024355 
-9.28497e-07 0.0331872 
-0.0056258 0.0243605 
0.0396081 0.0172948 
0.0352482 0.00841311 
0.0440063 0.00909803 
0.0479745 0.017963 
0.0520328 0.0101052 
0.0592133 0.0113633 
0.0555549 0.0188573 
0.0517087 0.0265683 
0.0476885 0.0344509 
0.0432978 0.0259644 
0.0757895 0.020749 
0.072874 0.0130946 
0.0785375 0.0130073 
0.0811199 0.0207894 
0.0835968 0.0131978 
0.0879569 0.0136534 
0.0858045 0.0210427 
0.0835012 0.0284529 
0.0810615 0.035838 
0.078228 0.0283437 
-0.0593537 0.0328546 
-0.0556816 0.040593 
-0.0628026 0.0407137 
-0.0661506 0.0331393 
-0.0692252 0.0408996 
-0.0748802 0.0411391 
-0.0722033 0.0335338 
-0.0693234 0.0257123 
-0.0662387 0.0177099 
-0.062501 0.0251884 
-0.0156103 0.030829 
-0.010634 0.0395124 
-0.0204833 0.0395859 
-0.0252971 0.0310571 
-0.0299072 0.0397577 
-0.0386764 0.0400136 
-0.0344324 0.0314542 
-0.0299893 0.0226817 
-0.025363 0.0137528 
-0.0199948 0.0222019 
0.034434 0.0314572 
0.0386749 0.0400158 
0.0299109 0.0397585 
0.0253029 0.0310573 
0.0204899 0.0395852 
0.0106403 0.03951 
0.0156174 0.0308262 
0.020538 0.022218 
0.0253693 0.0137532 
0.030497 0.0227168 
0.0722044 0.0335361 
0.0748792 0.0411407 
0.0692278 0.0409003 
0.0661551 0.0331395 
0.062808 0.0407132 
0.0556881 0.0405912 
0.0593602 0.0328526 
0.0628836 0.0252099 
0.0662437 0.0177104 
0.0696593 0.0257465 
-0.0721303 0.0590488 
-0.0748614 0.0515726 
-0.0692035 0.0516155 
-0.0660825 0.059267 
-0.0627743 0.0516489 
-0.0556419 0.0516708 
-0.0592903 0.0594253 
-0.0627743 0.0670599 
-0.0660825 0.07453 
-0.0695357 0.0666917 
-0.0344001 0.0601941 
-0.0386954 0.0517725 
-0.0299196 0.051818 
-0.0252727 0.0604122 
-0.0204871 0.0518486 
-0.0106275 0.0518618 
-0.0155949 0.0605375 
-0.0204871 0.0691259 
-0.0252727 0.0775612 
-0.030422 0.0687872 
0.0156021 0.0605391 
0.0106341 0.0518622 
0.0204939 0.0518488 
0.0252785 0.0604121 
0.0299236 0.0518179 
0.0386942 0.0517721 
0.0344017 0.0601924 
0.0299236 0.0688078 
0.0252785 0.0775609 
0.0199594 0.0691398 
0.0592968 0.0594264 
0.0556488 0.0516711 
0.06278 0.051649 
0.0660869 0.0592669 
0.0692064 0.0516154 
0.0748606 0.0515722 
0.0721313 0.0590475 
0.0692064 0.0667125 
0.0660869 0.0745297 
0.0624046 0.0670767 
-0.039025 0.074254 
-0.0346104 0.0827763 
-0.0432805 0.0822423 
-0.0473589 0.0737593 
-0.0512429 0.0814608 
-0.0583855 0.0804857 
-0.05492 0.0730994 
-0.0512429 0.0654339 
-0.0473589 0.0575235 
-0.0428198 0.0658351 
0.0100763 0.0755435 
0.0150196 0.0840565 
0.00505845 0.084406 
0 0.0756763 
-0.00505881 0.0844088 
-0.0150232 0.0840647 
-0.0100779 0.0755477 
-0.00505886 0.0668802 
-4.65592e-08 0.0581306 
0.00561411 0.0668737 
0.0549204 0.0730959 
0.0583832 0.0804791 
0.0512458 0.0814581 
0.0473639 0.0737589 
0.0432872 0.0822442 
0.0346187 0.0827834 
0.0390328 0.0742574 
0.0432871 0.0658183 
0.0473639 0.0575234 
0.051661 0.0654083 
