0.040438004462900 0.083346602862600
0.049581886953800 0.070437426423900
0.041362299010900 0.056486963985400
0.049581886953800 0.038011667207900
0.040438004462900 0.023670706442200
0.014891452908500 0.097508588256300
0.024029497685900 0.086846117784800
0.015009194724000 0.075132463581700
0.024225839494800 0.059139989233300
0.015009194724000 0.043679733249500
0.024029497685900 0.026042369265000
0.014891452908500 0.011317334918700
-0.040438004462900 0.083346602862600
-0.049581886953800 0.070437426423900
-0.041362299010900 0.056486963985400
-0.049581886953800 0.038011667207900
-0.040438004462900 0.023670706442200
-0.014891452908500 0.097508588256300
-0.024029497685900 0.086846117784800
-0.015009194724000 0.075132463581700
-0.024225839494800 0.059139989233300
-0.015009194724000 0.043679733249500
-0.024029497685900 0.026042369265000
-0.014891452908500 0.011317334918700
