-0.0495818869538 0.0113173349187 -0.0404380044629 0.0236707064422 0.0153693322888
-0.0495818869538 0.0208941408451 -0.0404380044629 0.0236707064422 0.00955614480439
-0.0495818869538 0.0304709467715 -0.0495818869538 0.0380116672079 0.0075407204364
-0.0495818869538 0.0400477526979 -0.0495818869538 0.0380116672079 0.00203608549
-0.0495818869538 0.0496245586243 -0.0413622990109 0.0564869639854 0.0107076717026
-0.0495818869538 0.0592013645507 -0.0413622990109 0.0564869639854 0.00865618832859
-0.0495818869538 0.0687781704771 -0.0495818869538 0.0704374264239 0.0016592559468
-0.0495818869538 0.0783549764035 -0.0495818869538 0.0704374264239 0.0079175499796
-0.0495818869538 0.0879317823299 -0.0404380044629 0.0833466028626 0.0102290985798
-0.0495818869538 0.0975085882563 9999 9999 9999
-0.038563689853 0.0113173349187 9999 9999 9999
-0.038563689853 0.0208941408451 -0.0240294976859 0.026042369265 0.0154190465922
-0.038563689853 0.0304709467715 -0.0240294976859 0.026042369265 0.0151939145937
-0.038563689853 0.0400477526979 -0.0495818869538 0.0380116672079 0.0112047450429
-0.038563689853 0.0496245586243 -0.0413622990109 0.0564869639854 0.00741112815697
-0.038563689853 0.0592013645507 -0.0413622990109 0.0564869639854 0.00389874129019
-0.038563689853 0.0687781704771 -0.0495818869538 0.0704374264239 0.011142432304
-0.038563689853 0.0783549764035 9999 9999 9999
-0.038563689853 0.0879317823299 9999 9999 9999
-0.038563689853 0.0975085882563 9999 9999 9999
-0.0275454927521 0.0113173349187 -0.0148914529085 0.0113173349187 0.0126540398436
-0.0275454927521 0.0208941408451 -0.0148914529085 0.0113173349187 0.0158694655271
-0.0275454927521 0.0304709467715 -0.0148914529085 0.0113173349187 0.0229561663039
-0.0275454927521 0.0400477526979 -0.015009194724 0.0436797332495 0.0130518217494
-0.0275454927521 0.0496245586243 0.015009194724 0.0436797332495 0.0429679226275
-0.0275454927521 0.0592013645507 9999 9999 9999
-0.0275454927521 0.0687781704771 9999 9999 9999
-0.0275454927521 0.0783549764035 -0.0240294976859 0.0868461177848 0.00919030485146
-0.0275454927521 0.0879317823299 -0.0240294976859 0.0868461177848 0.00367979466956
-0.0275454927521 0.0975085882563 -0.0240294976859 0.0868461177848 0.0112272212885
-0.0165272956513 0.0113173349187 -0.0148914529085 0.0113173349187 0.00163584274277
-0.0165272956513 0.0208941408451 -0.0148914529085 0.0113173349187 0.00971551301944
-0.0165272956513 0.0304709467715 9999 9999 9999
-0.0165272956513 0.0400477526979 -0.015009194724 0.0436797332495 0.00393648487265
-0.0165272956513 0.0496245586243 9999 9999 9999
-0.0165272956513 0.0592013645507 0.015009194724 0.0751324635817 0.0353319988329
-0.0165272956513 0.0687781704771 -0.015009194724 0.0751324635817 0.00653312109826
-0.0165272956513 0.0783549764035 -0.015009194724 0.0751324635817 0.00356219304811
-0.0165272956513 0.0879317823299 -0.0240294976859 0.0868461177848 0.00758034978566
-0.0165272956513 0.0975085882563 9999 9999 9999
-0.00550909855042 0.0113173349187 0.0240294976859 0.026042369265 0.0330053829566
-0.00550909855042 0.0208941408451 -0.0148914529085 0.0113173349187 0.0134068558974
-0.00550909855042 0.0304709467715 9999 9999 9999
-0.00550909855042 0.0400477526979 -0.0242258394948 0.0591399892333 0.0267363028017
-0.00550909855042 0.0496245586243 -0.015009194724 0.0751324635817 0.0272195709485
-0.00550909855042 0.0592013645507 -0.0240294976859 0.026042369265 0.0379805759895
-0.00550909855042 0.0687781704771 -0.015009194724 0.0751324635817 0.0114292986734
-0.00550909855042 0.0783549764035 -0.0240294976859 0.0868461177848 0.0203741175538
-0.00550909855042 0.0879317823299 -0.0148914529085 0.0975085882563 0.0134068558974
-0.00550909855042 0.0975085882563 9999 9999 9999
0.00550909855042 0.0113173349187 9999 9999 9999
0.00550909855042 0.0208941408451 9999 9999 9999
0.00550909855042 0.0304709467715 9999 9999 9999
0.00550909855042 0.0400477526979 9999 9999 9999
0.00550909855042 0.0496245586243 9999 9999 9999
0.00550909855042 0.0592013645507 9999 9999 9999
0.00550909855042 0.0687781704771 0.015009194724 0.0751324635817 0.0114292986734
0.00550909855042 0.0783549764035 0.015009194724 0.0751324635817 0.010031770342
0.00550909855042 0.0879317823299 0.0148914529085 0.0975085882563 0.0134068558974
0.00550909855042 0.0975085882563 0.0148914529085 0.0975085882563 0.00938235435808
0.0165272956513 0.0113173349187 9999 9999 9999
0.0165272956513 0.0208941408451 0.0240294976859 0.026042369265 0.00909875217994
0.0165272956513 0.0304709467715 0.0240294976859 0.026042369265 0.00871179281776
0.0165272956513 0.0400477526979 9999 9999 9999
0.0165272956513 0.0496245586243 9999 9999 9999
0.0165272956513 0.0592013645507 0.0242258394948 0.0591399892333 0.00769878849173
0.0165272956513 0.0687781704771 0.015009194724 0.0751324635817 0.00653312109826
0.0165272956513 0.0783549764035 0.015009194724 0.0751324635817 0.00356219304811
0.0165272956513 0.0879317823299 0.0404380044629 0.0833466028626 0.0243463727611
0.0165272956513 0.0975085882563 0.0148914529085 0.0975085882563 0.00163584274277
0.0275454927521 0.0113173349187 0.0240294976859 0.026042369265 0.0151389847019
0.0275454927521 0.0208941408451 0.0240294976859 0.026042369265 0.00623429845043
0.0275454927521 0.0304709467715 0.0240294976859 0.026042369265 0.00565460166915
0.0275454927521 0.0400477526979 9999 9999 9999
0.0275454927521 0.0496245586243 0.0242258394948 0.0591399892333 0.0100778726636
0.0275454927521 0.0592013645507 0.0242258394948 0.0591399892333 0.00332022057676
0.0275454927521 0.0687781704771 0.0242258394948 0.0591399892333 0.0101938528259
0.0275454927521 0.0783549764035 0.0495818869538 0.0704374264239 0.0234155987985
0.0275454927521 0.0879317823299 0.0404380044629 0.0833466028626 0.0136835934228
0.0275454927521 0.0975085882563 0.0404380044629 0.0833466028626 0.0191514670066
0.038563689853 0.0113173349187 -0.015009194724 0.0751324635817 0.0833212134343
0.038563689853 0.0208941408451 -0.015009194724 0.0751324635817 0.0762354878988
0.038563689853 0.0304709467715 -0.015009194724 0.0751324635817 0.0697474375564
0.038563689853 0.0400477526979 9999 9999 9999
0.038563689853 0.0496245586243 0.0495818869538 0.0380116672079 0.0160081202645
0.038563689853 0.0592013645507 9999 9999 9999
0.038563689853 0.0687781704771 0.015009194724 0.0436797332495 0.0344201364327
0.038563689853 0.0783549764035 0.0404380044629 0.0833466028626 0.00533192178902
0.038563689853 0.0879317823299 0.0495818869538 0.0704374264239 0.0206749402882
0.038563689853 0.0975085882563 0.0404380044629 0.0833466028626 0.0142854781351
0.0495818869538 0.0113173349187 -0.015009194724 0.0751324635817 0.0907985598927
0.0495818869538 0.0208941408451 -0.015009194724 0.0751324635817 0.0843433665773
0.0495818869538 0.0304709467715 9999 9999 9999
0.0495818869538 0.0400477526979 9999 9999 9999
0.0495818869538 0.0496245586243 9999 9999 9999
0.0495818869538 0.0592013645507 9999 9999 9999
0.0495818869538 0.0687781704771 0.015009194724 0.0751324635817 0.0351517864251
0.0495818869538 0.0783549764035 0.015009194724 0.0436797332495 0.0489657383872
0.0495818869538 0.0879317823299 0.0404380044629 0.0833466028626 0.0102290985798
0.0495818869538 0.0975085882563 0.0495818869538 0.0704374264239 0.0270711618324
