-0.0495818869538 0.0113173349187 -0.0495818869538 0.0380116672079 0.0266943322892
-0.0495818869538 0.0208941408451 -0.0495818869538 0.0380116672079 0.0171175263628
-0.0495818869538 0.0304709467715 -0.0495818869538 0.0380116672079 0.0075407204364
-0.0495818869538 0.0400477526979 -0.0495818869538 0.0380116672079 0.00203608549
-0.0495818869538 0.0496245586243 -0.0148914529085 0.0975085882563 0.0591295738869
-0.0495818869538 0.0592013645507 -0.0148914529085 0.0975085882563 0.0516804566764
-0.0495818869538 0.0687781704771 9999 9999 9999
-0.0495818869538 0.0783549764035 9999 9999 9999
-0.0495818869538 0.0879317823299 -0.0404380044629 0.0833466028626 0.0102290985798
-0.0495818869538 0.0975085882563 -0.015009194724 0.0751324635817 0.0411820592427
-0.038563689853 0.0113173349187 -0.0240294976859 0.026042369265 0.0206898375646
-0.038563689853 0.0208941408451 -0.0240294976859 0.026042369265 0.0154190465922
-0.038563689853 0.0304709467715 -0.0495818869538 0.0380116672079 0.013351521713
-0.038563689853 0.0400477526979 -0.0495818869538 0.0380116672079 0.0112047450429
-0.038563689853 0.0496245586243 9999 9999 9999
-0.038563689853 0.0592013645507 -0.0148914529085 0.0975085882563 0.045031302335
-0.038563689853 0.0687781704771 9999 9999 9999
-0.038563689853 0.0783549764035 -0.015009194724 0.0751324635817 0.0237739106936
-0.038563689853 0.0879317823299 -0.0242258394948 0.0591399892333 0.0321642861356
-0.038563689853 0.0975085882563 -0.0495818869538 0.0380116672079 0.060508547178
-0.0275454927521 0.0113173349187 -0.0240294976859 0.026042369265 0.0151389847019
-0.0275454927521 0.0208941408451 -0.0240294976859 0.026042369265 0.00623429845043
-0.0275454927521 0.0304709467715 -0.0240294976859 0.026042369265 0.00565460166915
-0.0275454927521 0.0400477526979 -0.0240294976859 0.026042369265 0.0144399787537
-0.0275454927521 0.0496245586243 -0.015009194724 0.0751324635817 0.0284220334171
-0.0275454927521 0.0592013645507 -0.015009194724 0.0751324635817 0.0202721159375
-0.0275454927521 0.0687781704771 -0.015009194724 0.0751324635817 0.0140547432957
-0.0275454927521 0.0783549764035 -0.0240294976859 0.0868461177848 0.00919030485146
-0.0275454927521 0.0879317823299 -0.0240294976859 0.0868461177848 0.00367979466956
-0.0275454927521 0.0975085882563 -0.0240294976859 0.0868461177848 0.0112272212885
-0.0165272956513 0.0113173349187 -0.0240294976859 0.026042369265 0.0165260301303
-0.0165272956513 0.0208941408451 -0.0240294976859 0.026042369265 0.00909875217994
-0.0165272956513 0.0304709467715 -0.0240294976859 0.026042369265 0.00871179281776
-0.0165272956513 0.0400477526979 -0.0240294976859 0.026042369265 0.0158881654218
-0.0165272956513 0.0496245586243 -0.0240294976859 0.026042369265 0.0247467713116
-0.0165272956513 0.0592013645507 -0.015009194724 0.0751324635817 0.0160032667528
-0.0165272956513 0.0687781704771 -0.0242258394948 0.0591399892333 0.0123354008852
-0.0165272956513 0.0783549764035 -0.015009194724 0.0751324635817 0.00356219304811
-0.0165272956513 0.0879317823299 -0.0240294976859 0.0868461177848 0.00758034978566
-0.0165272956513 0.0975085882563 -0.0148914529085 0.0975085882563 0.00163584274277
-0.00550909855042 0.0113173349187 0.0240294976859 0.026042369265 0.0330053829566
-0.00550909855042 0.0208941408451 -0.0240294976859 0.026042369265 0.0192226283323
-0.00550909855042 0.0304709467715 9999 9999 9999
-0.00550909855042 0.0400477526979 0.0240294976859 0.026042369265 0.0326906627757
-0.00550909855042 0.0496245586243 -0.015009194724 0.0751324635817 0.0272195709485
-0.00550909855042 0.0592013645507 -0.0404380044629 0.0236707064422 0.0498242524667
-0.00550909855042 0.0687781704771 -0.015009194724 0.0751324635817 0.0114292986734
-0.00550909855042 0.0783549764035 -0.0242258394948 0.0591399892333 0.0268240959499
-0.00550909855042 0.0879317823299 -0.015009194724 0.0751324635817 0.0159397110302
-0.00550909855042 0.0975085882563 -0.0148914529085 0.0975085882563 0.00938235435808
0.00550909855042 0.0113173349187 9999 9999 9999
0.00550909855042 0.0208941408451 0.0240294976859 0.026042369265 0.0192226283323
0.00550909855042 0.0304709467715 0.015009194724 0.0436797332495 0.0162703370441
0.00550909855042 0.0400477526979 0.015009194724 0.0436797332495 0.0101706986011
0.00550909855042 0.0496245586243 0.015009194724 0.0436797332495 0.0112068182837
0.00550909855042 0.0592013645507 0.015009194724 0.0436797332495 0.0181981555537
0.00550909855042 0.0687781704771 0.015009194724 0.0751324635817 0.0114292986734
0.00550909855042 0.0783549764035 0.015009194724 0.0751324635817 0.010031770342
0.00550909855042 0.0879317823299 0.0148914529085 0.0975085882563 0.0134068558974
0.00550909855042 0.0975085882563 0.0148914529085 0.0975085882563 0.00938235435808
0.0165272956513 0.0113173349187 9999 9999 9999
0.0165272956513 0.0208941408451 9999 9999 9999
0.0165272956513 0.0304709467715 0.0240294976859 0.026042369265 0.00871179281776
0.0165272956513 0.0400477526979 0.015009194724 0.0436797332495 0.00393648487265
0.0165272956513 0.0496245586243 0.015009194724 0.0436797332495 0.00613559933195
0.0165272956513 0.0592013645507 9999 9999 9999
0.0165272956513 0.0687781704771 0.015009194724 0.0751324635817 0.00653312109826
0.0165272956513 0.0783549764035 0.015009194724 0.0751324635817 0.00356219304811
0.0165272956513 0.0879317823299 0.0240294976859 0.0868461177848 0.00758034978566
0.0165272956513 0.0975085882563 0.0148914529085 0.0975085882563 0.00163584274277
0.0275454927521 0.0113173349187 0.0240294976859 0.026042369265 0.0151389847019
0.0275454927521 0.0208941408451 0.0240294976859 0.026042369265 0.00623429845043
0.0275454927521 0.0304709467715 9999 9999 9999
0.0275454927521 0.0400477526979 0.015009194724 0.0436797332495 0.0130518217494
0.0275454927521 0.0496245586243 0.015009194724 0.0751324635817 0.0284220334171
0.0275454927521 0.0592013645507 9999 9999 9999
0.0275454927521 0.0687781704771 9999 9999 9999
0.0275454927521 0.0783549764035 9999 9999 9999
0.0275454927521 0.0879317823299 0.0240294976859 0.0868461177848 0.00367979466956
0.0275454927521 0.0975085882563 0.0240294976859 0.0868461177848 0.0112272212885
0.038563689853 0.0113173349187 -0.0240294976859 0.026042369265 0.0643018954835
0.038563689853 0.0208941408451 0.0240294976859 0.026042369265 0.0154190465922
0.038563689853 0.0304709467715 0.0240294976859 0.026042369265 0.0151939145937
0.038563689853 0.0400477526979 0.0495818869538 0.0380116672079 0.0112047450429
0.038563689853 0.0496245586243 0.0413622990109 0.0564869639854 0.00741112815697
0.038563689853 0.0592013645507 0.0413622990109 0.0564869639854 0.00389874129019
0.038563689853 0.0687781704771 0.0495818869538 0.0704374264239 0.011142432304
0.038563689853 0.0783549764035 0.0495818869538 0.0704374264239 0.0135679130684
0.038563689853 0.0879317823299 0.0495818869538 0.0704374264239 0.0206749402882
0.038563689853 0.0975085882563 0.0404380044629 0.0833466028626 0.0142854781351
0.0495818869538 0.0113173349187 0.0240294976859 0.026042369265 0.029491545124
0.0495818869538 0.0208941408451 0.0240294976859 0.026042369265 0.0260658560796
0.0495818869538 0.0304709467715 0.0495818869538 0.0380116672079 0.0075407204364
0.0495818869538 0.0400477526979 0.0495818869538 0.0380116672079 0.00203608549
0.0495818869538 0.0496245586243 0.0413622990109 0.0564869639854 0.0107076717026
0.0495818869538 0.0592013645507 0.0413622990109 0.0564869639854 0.00865618832859
0.0495818869538 0.0687781704771 0.0240294976859 0.026042369265 0.0497923016393
0.0495818869538 0.0783549764035 0.0242258394948 0.0591399892333 0.0318142244082
0.0495818869538 0.0879317823299 0.0404380044629 0.0833466028626 0.0102290985798
0.0495818869538 0.0975085882563 0.0495818869538 0.0704374264239 0.0270711618324
