-0.0495818869538 0.0113173349187 -0.0148914529085 0.0113173349187 0.0346904340453
-0.0495818869538 0.0208941408451 -0.0148914529085 0.0113173349187 0.0359880733855
-0.0495818869538 0.0304709467715 -0.0495818869538 0.0380116672079 0.0075407204364
-0.0495818869538 0.0400477526979 -0.0495818869538 0.0380116672079 0.00203608549
-0.0495818869538 0.0496245586243 -0.0413622990109 0.0564869639854 0.0107076717026
-0.0495818869538 0.0592013645507 -0.0413622990109 0.0564869639854 0.00865618832859
-0.0495818869538 0.0687781704771 -0.0495818869538 0.0704374264239 0.0016592559468
-0.0495818869538 0.0783549764035 -0.0495818869538 0.0704374264239 0.0079175499796
-0.0495818869538 0.0879317823299 9999 9999 9999
-0.0495818869538 0.0975085882563 -0.0404380044629 0.0833466028626 0.0168574143124
-0.038563689853 0.0113173349187 -0.0148914529085 0.0113173349187 0.0236722369445
-0.038563689853 0.0208941408451 -0.0148914529085 0.0113173349187 0.0255360532132
-0.038563689853 0.0304709467715 9999 9999 9999
-0.038563689853 0.0400477526979 -0.0495818869538 0.0380116672079 0.0112047450429
-0.038563689853 0.0496245586243 -0.0413622990109 0.0564869639854 0.00741112815697
-0.038563689853 0.0592013645507 -0.0413622990109 0.0564869639854 0.00389874129019
-0.038563689853 0.0687781704771 -0.0495818869538 0.0704374264239 0.011142432304
-0.038563689853 0.0783549764035 -0.0404380044629 0.0833466028626 0.00533192178902
-0.038563689853 0.0879317823299 9999 9999 9999
-0.038563689853 0.0975085882563 -0.0495818869538 0.0704374264239 0.0292275293227
-0.0275454927521 0.0113173349187 -0.0413622990109 0.0564869639854 0.0472355747844
-0.0275454927521 0.0208941408451 -0.015009194724 0.0436797332495 0.026006575889
-0.0275454927521 0.0304709467715 -0.0495818869538 0.0380116672079 0.0232908809218
-0.0275454927521 0.0400477526979 -0.0413622990109 0.0564869639854 0.0214744453467
-0.0275454927521 0.0496245586243 -0.015009194724 0.0751324635817 0.0284220334171
-0.0275454927521 0.0592013645507 -0.015009194724 0.0751324635817 0.0202721159375
-0.0275454927521 0.0687781704771 -0.015009194724 0.0751324635817 0.0140547432957
-0.0275454927521 0.0783549764035 -0.0404380044629 0.0833466028626 0.013825092872
-0.0275454927521 0.0879317823299 9999 9999 9999
-0.0275454927521 0.0975085882563 9999 9999 9999
-0.0165272956513 0.0113173349187 9999 9999 9999
-0.0165272956513 0.0208941408451 -0.0240294976859 0.026042369265 0.00909875217994
-0.0165272956513 0.0304709467715 -0.015009194724 0.0436797332495 0.0132957388154
-0.0165272956513 0.0400477526979 -0.0413622990109 0.0564869639854 0.0297829659307
-0.0165272956513 0.0496245586243 -0.015009194724 0.0436797332495 0.00613559933195
-0.0165272956513 0.0592013645507 -0.015009194724 0.0751324635817 0.0160032667528
-0.0165272956513 0.0687781704771 -0.015009194724 0.0751324635817 0.00653312109826
-0.0165272956513 0.0783549764035 9999 9999 9999
-0.0165272956513 0.0879317823299 -0.0413622990109 0.0564869639854 0.040069364764
-0.0165272956513 0.0975085882563 -0.0148914529085 0.0975085882563 0.00163584274277
-0.00550909855042 0.0113173349187 9999 9999 9999
-0.00550909855042 0.0208941408451 9999 9999 9999
-0.00550909855042 0.0304709467715 0.0148914529085 0.0975085882563 0.0700730181716
-0.00550909855042 0.0400477526979 -0.0240294976859 0.0868461177848 0.0503298336868
-0.00550909855042 0.0496245586243 9999 9999 9999
-0.00550909855042 0.0592013645507 -0.0148914529085 0.0975085882563 0.0394394721229
-0.00550909855042 0.0687781704771 -0.0240294976859 0.0868461177848 0.0258738459463
-0.00550909855042 0.0783549764035 -0.0240294976859 0.0868461177848 0.0203741175538
-0.00550909855042 0.0879317823299 -0.0148914529085 0.0975085882563 0.0134068558974
-0.00550909855042 0.0975085882563 9999 9999 9999
0.00550909855042 0.0113173349187 0.0148914529085 0.0113173349187 0.00938235435808
0.00550909855042 0.0208941408451 -0.015009194724 0.0436797332495 0.0306624131489
0.00550909855042 0.0304709467715 0.015009194724 0.0436797332495 0.0162703370441
0.00550909855042 0.0400477526979 0.015009194724 0.0436797332495 0.0101706986011
0.00550909855042 0.0496245586243 0.015009194724 0.0436797332495 0.0112068182837
0.00550909855042 0.0592013645507 0.015009194724 0.0436797332495 0.0181981555537
0.00550909855042 0.0687781704771 -0.0240294976859 0.0868461177848 0.0346262817456
0.00550909855042 0.0783549764035 -0.0240294976859 0.0868461177848 0.0307348035551
0.00550909855042 0.0879317823299 0.0148914529085 0.0975085882563 0.0134068558974
0.00550909855042 0.0975085882563 0.0148914529085 0.0975085882563 0.00938235435808
0.0165272956513 0.0113173349187 0.0148914529085 0.0113173349187 0.00163584274277
0.0165272956513 0.0208941408451 9999 9999 9999
0.0165272956513 0.0304709467715 9999 9999 9999
0.0165272956513 0.0400477526979 -0.015009194724 0.0751324635817 0.047175069295
0.0165272956513 0.0496245586243 0.015009194724 0.0436797332495 0.00613559933195
0.0165272956513 0.0592013645507 0.0242258394948 0.0591399892333 0.00769878849173
0.0165272956513 0.0687781704771 0.0413622990109 0.0564869639854 0.0277101271902
0.0165272956513 0.0783549764035 0.0413622990109 0.0564869639854 0.03309059321
0.0165272956513 0.0879317823299 0.015009194724 0.0751324635817 0.0128890337436
0.0165272956513 0.0975085882563 0.0148914529085 0.0975085882563 0.00163584274277
0.0275454927521 0.0113173349187 -0.0148914529085 0.0113173349187 0.0424369456606
0.0275454927521 0.0208941408451 0.0242258394948 0.0591399892333 0.0383896472591
0.0275454927521 0.0304709467715 9999 9999 9999
0.0275454927521 0.0400477526979 -0.0495818869538 0.0380116672079 0.0771542503328
0.0275454927521 0.0496245586243 0.0413622990109 0.0564869639854 0.0154271430451
0.0275454927521 0.0592013645507 0.0242258394948 0.0591399892333 0.00332022057676
0.0275454927521 0.0687781704771 0.0242258394948 0.0591399892333 0.0101938528259
0.0275454927521 0.0783549764035 9999 9999 9999
0.0275454927521 0.0879317823299 9999 9999 9999
0.0275454927521 0.0975085882563 9999 9999 9999
0.038563689853 0.0113173349187 0.015009194724 0.0436797332495 0.0400267294005
0.038563689853 0.0208941408451 0.015009194724 0.0436797332495 0.0327719004942
0.038563689853 0.0304709467715 0.015009194724 0.0436797332495 0.0270053009796
0.038563689853 0.0400477526979 9999 9999 9999
0.038563689853 0.0496245586243 0.0413622990109 0.0564869639854 0.00741112815697
0.038563689853 0.0592013645507 0.0413622990109 0.0564869639854 0.00389874129019
0.038563689853 0.0687781704771 0.0495818869538 0.0704374264239 0.011142432304
0.038563689853 0.0783549764035 -0.015009194724 0.0751324635817 0.0536697172601
0.038563689853 0.0879317823299 0.0242258394948 0.0591399892333 0.0321642861356
0.038563689853 0.0975085882563 9999 9999 9999
0.0495818869538 0.0113173349187 0.015009194724 0.0436797332495 0.0473560542459
0.0495818869538 0.0208941408451 0.015009194724 0.0436797332495 0.0414059690049
0.0495818869538 0.0304709467715 9999 9999 9999
0.0495818869538 0.0400477526979 9999 9999 9999
0.0495818869538 0.0496245586243 0.0413622990109 0.0564869639854 0.0107076717026
0.0495818869538 0.0592013645507 0.0413622990109 0.0564869639854 0.00865618832859
0.0495818869538 0.0687781704771 0.0495818869538 0.0704374264239 0.0016592559468
0.0495818869538 0.0783549764035 0.0495818869538 0.0704374264239 0.0079175499796
0.0495818869538 0.0879317823299 0.0242258394948 0.0591399892333 0.0383653032369
0.0495818869538 0.0975085882563 0.0404380044629 0.0833466028626 0.0168574143124
