-0.0495818869538 0.0113173349187 -0.0495818869538 0.0380116672079 0.0266943322892
-0.0495818869538 0.0208941408451 -0.0495818869538 0.0380116672079 0.0171175263628
-0.0495818869538 0.0304709467715 -0.0495818869538 0.0380116672079 0.0075407204364
-0.0495818869538 0.0400477526979 -0.0495818869538 0.0380116672079 0.00203608549
-0.0495818869538 0.0496245586243 -0.0413622990109 0.0564869639854 0.0107076717026
-0.0495818869538 0.0592013645507 -0.0413622990109 0.0564869639854 0.00865618832859
-0.0495818869538 0.0687781704771 -0.0495818869538 0.0704374264239 0.0016592559468
-0.0495818869538 0.0783549764035 -0.0495818869538 0.0704374264239 0.0079175499796
-0.0495818869538 0.0879317823299 -0.0404380044629 0.0833466028626 0.0102290985798
-0.0495818869538 0.0975085882563 -0.0404380044629 0.0833466028626 0.0168574143124
-0.038563689853 0.0113173349187 0.0242258394948 0.0591399892333 0.0789273796689
-0.038563689853 0.0208941408451 -0.0148914529085 0.0113173349187 0.0255360532132
-0.038563689853 0.0304709467715 -0.0495818869538 0.0380116672079 0.013351521713
-0.038563689853 0.0400477526979 -0.0495818869538 0.0380116672079 0.0112047450429
-0.038563689853 0.0496245586243 -0.0413622990109 0.0564869639854 0.00741112815697
-0.038563689853 0.0592013645507 -0.0413622990109 0.0564869639854 0.00389874129019
-0.038563689853 0.0687781704771 -0.0495818869538 0.0704374264239 0.011142432304
-0.038563689853 0.0783549764035 -0.0404380044629 0.0833466028626 0.00533192178902
-0.038563689853 0.0879317823299 -0.0404380044629 0.0833466028626 0.00495347615361
-0.038563689853 0.0975085882563 -0.0404380044629 0.0833466028626 0.0142854781351
-0.0275454927521 0.0113173349187 -0.0240294976859 0.026042369265 0.0151389847019
-0.0275454927521 0.0208941408451 9999 9999 9999
-0.0275454927521 0.0304709467715 -0.0148914529085 0.0113173349187 0.0229561663039
-0.0275454927521 0.0400477526979 0.015009194724 0.0436797332495 0.0427093983675
-0.0275454927521 0.0496245586243 -0.015009194724 0.0751324635817 0.0284220334171
-0.0275454927521 0.0592013645507 -0.015009194724 0.0751324635817 0.0202721159375
-0.0275454927521 0.0687781704771 -0.015009194724 0.0751324635817 0.0140547432957
-0.0275454927521 0.0783549764035 -0.0240294976859 0.0868461177848 0.00919030485146
-0.0275454927521 0.0879317823299 -0.0148914529085 0.0975085882563 0.0158694655271
-0.0275454927521 0.0975085882563 -0.0240294976859 0.0868461177848 0.0112272212885
-0.0165272956513 0.0113173349187 0.0240294976859 0.026042369265 0.0431471913604
-0.0165272956513 0.0208941408451 -0.0404380044629 0.0236707064422 0.0240713795282
-0.0165272956513 0.0304709467715 9999 9999 9999
-0.0165272956513 0.0400477526979 0.015009194724 0.0436797332495 0.0317449446041
-0.0165272956513 0.0496245586243 0.015009194724 0.0436797332495 0.0320919175794
-0.0165272956513 0.0592013645507 -0.015009194724 0.0751324635817 0.0160032667528
-0.0165272956513 0.0687781704771 -0.0240294976859 0.0868461177848 0.0195635823734
-0.0165272956513 0.0783549764035 -0.0240294976859 0.0868461177848 0.0113306009252
-0.0165272956513 0.0879317823299 -0.0148914529085 0.0975085882563 0.00971551301944
-0.0165272956513 0.0975085882563 9999 9999 9999
-0.00550909855042 0.0113173349187 0.0242258394948 0.0591399892333 0.0563131672546
-0.00550909855042 0.0208941408451 -0.0148914529085 0.0113173349187 0.0134068558974
-0.00550909855042 0.0304709467715 0.015009194724 0.0436797332495 0.0244023031519
-0.00550909855042 0.0400477526979 0.015009194724 0.0436797332495 0.0208372656945
-0.00550909855042 0.0496245586243 0.015009194724 0.0436797332495 0.0213621466064
-0.00550909855042 0.0592013645507 0.015009194724 0.0436797332495 0.0257278331218
-0.00550909855042 0.0687781704771 -0.0148914529085 0.0975085882563 0.0302235914323
-0.00550909855042 0.0783549764035 -0.0242258394948 0.0591399892333 0.0268240959499
-0.00550909855042 0.0879317823299 9999 9999 9999
-0.00550909855042 0.0975085882563 -0.0148914529085 0.0975085882563 0.00938235435808
0.00550909855042 0.0113173349187 0.0240294976859 0.026042369265 0.023660765428
0.00550909855042 0.0208941408451 0.0404380044629 0.0236707064422 0.0350390893825
0.00550909855042 0.0304709467715 0.0242258394948 0.0591399892333 0.0342378502137
0.00550909855042 0.0400477526979 0.015009194724 0.0436797332495 0.0101706986011
0.00550909855042 0.0496245586243 0.015009194724 0.0436797332495 0.0112068182837
0.00550909855042 0.0592013645507 0.015009194724 0.0436797332495 0.0181981555537
0.00550909855042 0.0687781704771 0.015009194724 0.0751324635817 0.0114292986734
0.00550909855042 0.0783549764035 0.015009194724 0.0751324635817 0.010031770342
0.00550909855042 0.0879317823299 0.0148914529085 0.0975085882563 0.0134068558974
0.00550909855042 0.0975085882563 0.0148914529085 0.0975085882563 0.00938235435808
0.0165272956513 0.0113173349187 0.0240294976859 0.026042369265 0.0165260301303
0.0165272956513 0.0208941408451 9999 9999 9999
0.0165272956513 0.0304709467715 0.0404380044629 0.0236707064422 0.0248589071443
0.0165272956513 0.0400477526979 0.015009194724 0.0436797332495 0.00393648487265
0.0165272956513 0.0496245586243 0.015009194724 0.0436797332495 0.00613559933195
0.0165272956513 0.0592013645507 0.015009194724 0.0436797332495 0.0155956939145
0.0165272956513 0.0687781704771 0.015009194724 0.0751324635817 0.00653312109826
0.0165272956513 0.0783549764035 0.015009194724 0.0751324635817 0.00356219304811
0.0165272956513 0.0879317823299 0.0240294976859 0.0868461177848 0.00758034978566
0.0165272956513 0.0975085882563 0.0148914529085 0.0975085882563 0.00163584274277
0.0275454927521 0.0113173349187 0.0240294976859 0.026042369265 0.0151389847019
0.0275454927521 0.0208941408451 0.0148914529085 0.0113173349187 0.0158694655271
0.0275454927521 0.0304709467715 0.0240294976859 0.026042369265 0.00565460166915
0.0275454927521 0.0400477526979 0.015009194724 0.0436797332495 0.0130518217494
0.0275454927521 0.0496245586243 0.0242258394948 0.0591399892333 0.0100778726636
0.0275454927521 0.0592013645507 0.015009194724 0.0436797332495 0.0199519374122
0.0275454927521 0.0687781704771 0.015009194724 0.0436797332495 0.0280551300036
0.0275454927521 0.0783549764035 0.015009194724 0.0751324635817 0.0129438540295
0.0275454927521 0.0879317823299 -0.015009194724 0.0751324635817 0.0444378665848
0.0275454927521 0.0975085882563 0.0404380044629 0.0833466028626 0.0191514670066
0.038563689853 0.0113173349187 -0.015009194724 0.0751324635817 0.0833212134343
0.038563689853 0.0208941408451 -0.015009194724 0.0751324635817 0.0762354878988
0.038563689853 0.0304709467715 -0.015009194724 0.0751324635817 0.0697474375564
0.038563689853 0.0400477526979 0.0495818869538 0.0380116672079 0.0112047450429
0.038563689853 0.0496245586243 9999 9999 9999
0.038563689853 0.0592013645507 9999 9999 9999
0.038563689853 0.0687781704771 0.0242258394948 0.0591399892333 0.017276240638
0.038563689853 0.0783549764035 0.0240294976859 0.026042369265 0.0542941212985
0.038563689853 0.0879317823299 0.0148914529085 0.0975085882563 0.0255360532132
0.038563689853 0.0975085882563 0.0240294976859 0.026042369265 0.0729291656257
0.0495818869538 0.0113173349187 -0.015009194724 0.0751324635817 0.0907985598927
0.0495818869538 0.0208941408451 -0.015009194724 0.0751324635817 0.0843433665773
0.0495818869538 0.0304709467715 0.0413622990109 0.0564869639854 0.0272835990592
0.0495818869538 0.0400477526979 0.0495818869538 0.0704374264239 0.030389673726
0.0495818869538 0.0496245586243 0.0495818869538 0.0380116672079 0.0116128914164
0.0495818869538 0.0592013645507 9999 9999 9999
0.0495818869538 0.0687781704771 0.015009194724 0.0436797332495 0.042722389906
0.0495818869538 0.0783549764035 0.0240294976859 0.026042369265 0.0582196999556
0.0495818869538 0.0879317823299 0.0404380044629 0.0236707064422 0.0649083697319
0.0495818869538 0.0975085882563 0.015009194724 0.0751324635817 0.0411820592427
