0.03553734685766374 0.036328110281497294 0.08243821925633216 
0.04021854101281895 0.0377812194096183 0.07811574494830995 
0.0352221725274552 0.04189111359102102 0.07902412855457779 
0.0305409783723 0.0404380044629 0.0833466028626 
0.030225039252793226 0.046001636869956467 0.07993265120624685 
0.025228670767429483 0.050111531051359175 0.08084103481251469 
0.025544609886936256 0.04454789864430271 0.08425498646886784 
0.025859784217144795 0.03898489533477899 0.08766907717062221 
0.02617688020636066 0.03342312248820005 0.09108097853740883 
0.031132241639171068 0.03464789694405646 0.08671049817450857 
0.03796625723129752 0.044161316105412185 0.07398153564693712 
0.04241718784231126 0.03973688745845284 0.0721587529270535 
0.041558822830913736 0.04515745830684065 0.06861464370401638 
0.0371078922199 0.0495818869538 0.0704374264239 
0.040700326430412985 0.05057885887677269 0.06506999198760363 
0.039841961419015456 0.0559994297251605 0.06152588276456651 
0.036249527208502476 0.05500245780218782 0.06689331720086288 
0.03265696160888626 0.05400631560075936 0.07226020914378362 
0.029066659032159898 0.05300843534119905 0.07762573804549795 
0.033562758086549585 0.0482862152749082 0.07600015847542571 
0.052875986858968195 0.03614975875194997 0.05464548070278482 
0.05506816256896189 0.0356880404143302 0.048506256742607175 
0.0515870058116937 0.04090058067328023 0.050347740025222354 
0.0493948301017 0.0413622990109 0.0564869639854 
0.048105316197123 0.04611391881073308 0.05218950518190498 
0.0446241594398548 0.051326459069683104 0.05403098846452016 
0.04591367334443181 0.04657483926985003 0.05832844726801518 
0.04720265439170631 0.041824017348519774 0.06262618794557764 
0.04849240751760984 0.0370735344483675 0.0669208808437466 
0.050876172635178976 0.03632344295005024 0.060682948124614985 
0.04991317150957586 0.04520316612437633 0.04211702650667057 
0.052665650115131635 0.03975700451382779 0.03977777999598704 
0.05008632502395578 0.04413572534325146 0.035672420697216475 
0.0473338464184 0.0495818869538 0.0380116672079 
0.0475066051179795 0.048515116419243234 0.03156643299506327 
0.04492728002680364 0.052893837248666906 0.027461073696292707 
0.04475452132722414 0.053960607783223674 0.033906307909129435 
0.04458136781284422 0.05502804856434854 0.04035091371858353 
0.044409384352833224 0.05609309305681739 0.04679381988882568 
0.047303221046973466 0.050407368723839316 0.04468312663848622 
0.05151129165218029 0.034910958634477414 0.020930869641429855 
0.05007993107455939 0.03358414357251281 0.014693910631770049 
0.04792931541487909 0.0391111894009354 0.017433747432540194 
0.0493606759925 0.0404380044629 0.0236707064422 
0.045778370562536974 0.04463908124892456 0.020174003617483116 
0.04362775490285668 0.05016612707734715 0.02291384041825326 
0.04721006033281971 0.04596505029132259 0.026410543242970142 
0.05079203657012091 0.041764819524864605 0.029907665451859803 
0.05437301329001124 0.03756450446897893 0.033401788684217754 
0.053061490780718784 0.0359323606329091 0.02701643096471617 
0.033120213812118895 0.00967628814548091 0.09693533741199503 
0.03884770333755898 0.010200022538612418 0.09383203996872193 
0.03495494994644008 0.015415187301631507 0.09440529081302691 
0.029227460421 0.0148914529085 0.0975085882563 
0.03106160069531948 0.02063115034488372 0.09497862940428493 
0.02716884730420058 0.025846315107902813 0.0955518802485899 
0.0253347070298811 0.02010661767151909 0.09808183910060497 
0.023499970895559916 0.014367718515368494 0.10061188569957309 
0.021667834586735074 0.008629680999080933 0.10314035163914242 
0.027607829747293224 0.008864374588190537 0.10000695820521545 
0.039110625922736134 0.018542187835059433 0.09034679533647413 
0.04331610717012463 0.013627622086132574 0.08941413249421079 
0.04387715643718849 0.019114931936973143 0.08591345494253666 
0.0396716751898 0.0240294976859 0.0868461177848 
0.04443829158352176 0.024603081725032575 0.08241224154553088 
0.04499934085058563 0.030090391575873145 0.07891156399385676 
0.040232724456863864 0.029516807536740568 0.08334544023312587 
0.03546619394241151 0.028944063434826858 0.08777878062706335 
0.03070195531308226 0.028369328958845398 0.09221123463866068 
0.03487414225909018 0.02315353624797627 0.09147289834346338 
0.05681109679433192 0.00985679267275898 0.07260227175703299 
0.06017517664435402 0.01048516018478667 0.06703477590768532 
0.05705572614262211 0.01563756223602769 0.06956496773235235 
0.0536916462926 0.015009194724 0.0751324635817 
0.05393579814961486 0.020790752960474168 0.07209554685103814 
0.05081634764788295 0.025943155011715187 0.07462573867570517 
0.05057219579086809 0.02016159677524102 0.07766265540636702 
0.050327566442577895 0.01438082721197231 0.08069995943104766 
0.05008437083071508 0.008600967719071068 0.08373459584035439 
0.053619391294704 0.00894371413356184 0.07802995446560232 
0.0587570296374502 0.019176148937524 0.06317469880331547 
0.06179734634893281 0.013804862788572967 0.0610265255328444 
0.06084769748678261 0.018854553345848967 0.05699181596282893 
0.0578073807753 0.0242258394948 0.0591399892333 
0.05989790326279832 0.023905016854381247 0.05295648880371656 
0.058948254400648124 0.02895470741165725 0.04892177923370109 
0.05685773191314981 0.029275530052075997 0.05510527966328453 
0.05476706406381739 0.02959712564375103 0.061288162503771074 
0.05267790133935767 0.029916439774773304 0.06746945489262128 
0.055769188548076304 0.024268399682958016 0.06554582173776566 
0.06516234912035605 0.009153087083521149 0.04123461467409814 
0.06564546449965596 0.008336204744809022 0.034768689235695364 
0.0640938564771999 0.014192312385287871 0.037213807811097226 
0.0636107410979 0.015009194724 0.0436797332495 
0.0625420109516025 0.020049316414507037 0.03965930065843777 
0.06099040292914644 0.025905424054985887 0.04210441923383963 
0.06205913307544395 0.020865302364478852 0.046124851824901864 
0.06312762571860012 0.015826077062712128 0.05014565868790278 
0.06419620066663782 0.010787074605248853 0.05416331220881586 
0.06476497237508443 0.00964637308697951 0.047565427942637135 
0.06174508154228066 0.01931053819517571 0.02950834245533736 
0.06342222156955679 0.013694483669528381 0.026617664006622535 
0.06052419807607613 0.018413443160252667 0.023151690816285174 
0.0588470580488 0.0240294976859 0.026042369265 
0.05762573098493843 0.02313312497754832 0.019685187092779232 
0.05472770749145777 0.027852084468272607 0.016219213902441874 
0.05594903455531934 0.02874845717662429 0.02257639607466264 
0.057169918021523866 0.029645552211547334 0.028933047713714827 
0.058391365883873975 0.030540199011621447 0.035287779039481285 
0.060228080269198084 0.02466583282856046 0.0325905433779098 
0.05649475868488828 0.009045537093102405 0.00840219630823273 
0.053652441165510004 0.008261268643900272 0.0025699546192574346 
0.053566859853021724 0.014107184459297867 0.0054850932297247045 
0.0564091773724 0.0148914529085 0.0113173349187 
0.0534812654406846 0.019953995103382957 0.008400678057643447 
0.053395684128196313 0.025799910918780554 0.011315816668110719 
0.05632359605991172 0.020737368723897594 0.01423247352916727 
0.05925149489177827 0.015675721357702135 0.017149576607675295 
0.062177877610741616 0.010614312980949659 0.020063914856041913 
0.05934180524969871 0.009506772386119244 0.014073353497226593 
0.025538070588738342 -0.04453993595099705 0.08425498646886784 
0.025213270934549094 -0.050103058120491636 0.08084103481251469 
0.030216178718110748 -0.04600112663239459 0.07993265120624685 
0.0305409783723 -0.0404380044629 0.0833466028626 
0.0352198522919347 -0.041898567265606576 0.07902412855457779 
0.040222760075496355 -0.03779663577750953 0.07811574494830995 
0.035543886155861654 -0.03633607297480296 0.08243821925633216 
0.03086577802648925 -0.034874882293405414 0.08676055451895315 
0.026188058013462003 -0.03341618089130985 0.09108097853740883 
0.025586419958239737 -0.03920347798894208 0.08771913351506679 
0.03624089520917247 -0.05500108384988828 0.06689331720086288 
0.039831737033259304 -0.056003776009251584 0.06152588276456651 
0.04069873404398683 -0.05058457911316331 0.06506999198760363 
0.0371078922199 -0.0495818869538 0.0704374264239 
0.04156586376510939 -0.04516455270584037 0.06861464370401638 
0.04243286077583691 -0.039745355809752095 0.0721587529270535 
0.03797488923062752 -0.04416269005771173 0.07398153564693712 
0.03351705039581317 -0.048579194794436696 0.07580486086019636 
0.029061211928351822 -0.05299562410191348 0.07762573804549795 
0.032602144932479996 -0.05429784524624024 0.07206491152855427 
0.045905375992041336 -0.046569288384466556 0.05832844726801518 
0.044608296041787066 -0.051318848409870124 0.05403098846452016 
0.04809775015144573 -0.04611185903630357 0.05218950518190498 
0.0493948301017 -0.0413622990109 0.0564869639854 
0.05158773838847462 -0.040904072633902853 0.050347740025222354 
0.05507719249813329 -0.03569708326033629 0.048506256742607175 
0.05288428421135867 -0.036155309637333446 0.05464548070278482 
0.050691910051954274 -0.03661273898549643 0.060784422788895016 
0.04849923917551619 -0.03707210264172903 0.0669208808437466 
0.047009635961645556 -0.04210745576819471 0.06272766260985768 
0.044747550816011665 -0.053956494260183605 0.033906307909129435 
0.044922008291689144 -0.05289000022322926 0.027461073696292707 
0.04750830389407748 -0.04851539291684566 0.03156643299506327 
0.0473338464184 -0.0495818869538 0.0380116672079 
0.05009499537823566 -0.044140115993546954 0.035672420697216475 
0.052681290980624004 -0.03976550868716335 0.03977777999598704 
0.04992014202078834 -0.0452072796474164 0.04211702650667057 
0.04715938894272252 -0.050648380990754346 0.04445690142073673 
0.04439901797045811 -0.05608842714579612 0.04679381988882568 
0.044430180021420636 -0.055264720003490996 0.04012468850083404 
0.04720126039472812 -0.04596161809721994 0.026410543242970142 
0.043612268650908774 -0.050156984185943734 0.02291384041825326 
0.04577168424868065 -0.044633370551623794 0.020174003617483116 
0.0493606759925 -0.0404380044629 0.0236707064422 
0.04793143038611237 -0.03910891142309991 0.017433747432540194 
0.05009084598388425 -0.03358529778877997 0.014693910631770049 
0.05152009159027188 -0.03491439082858006 0.020930869641429855 
0.052949667736319345 -0.03624263837417621 0.02716740926691688 
0.054377583421147735 -0.03757249102697514 0.033401788684217754 
0.05067092732134318 -0.04207147541611739 0.03005864375406052 
0.02532640601958324 -0.020100411252227716 0.09808183910060497 
0.027151402621851315 -0.025843022557968387 0.0955518802485899 
0.031052457023268074 -0.020634064214240674 0.09497862940428493 
0.029227460421 -0.0148914529085 0.0975085882563 
0.03495410855531416 -0.015424308540290437 0.09440529081302691 
0.038855162956730915 -0.01021535019656272 0.09383203996872193 
0.03312851482241676 -0.009682494564772284 0.09693533741199503 
0.027402463818731924 -0.009148841602759328 0.10003854710831507 
0.02167781700369424 -0.008617649080581312 0.10314035163914242 
0.023285845260126822 -0.014645636156817014 0.10064347460267271 
0.04022398436526292 -0.029517694134088085 0.08334544023312587 
0.04498968119332361 -0.030098869011261055 0.07891156399385676 
0.04443737201786069 -0.02461067256307297 0.08241224154553088 
0.0396716751898 -0.0240294976859 0.0868461177848 
0.04388497830096574 -0.01912163604195542 0.08591345494253666 
0.043332669125502814 -0.013633439593767335 0.08941413249421079 
0.039119366014337076 -0.018541301237711916 0.09034679533647413 
0.03490597836173931 -0.02344832280872703 0.09127999402406912 
0.03069505484419704 -0.02835503780423519 0.09221123463866068 
0.035488806994165664 -0.02923978558445161 0.08758587630766909 
0.05056399375902743 -0.020156622038651976 0.07766265540636702 
0.05079893729080406 -0.025938561791702192 0.07462573867570517 
0.053926589824376626 -0.020791134477050218 0.07209554685103814 
0.0536916462926 -0.015009194724 0.0751324635817 
0.057054721104701625 -0.015642919250670913 0.06956496773235235 
0.060182373638274195 -0.010495491936018937 0.06703477590768532 
0.05681929882617257 -0.009861767409348025 0.07260227175703299 
0.05345670276082338 -0.009227254970949783 0.07816938031236187 
0.05009458148715211 -0.008595230708663956 0.08373459584035439 
0.050156222649626485 -0.01465911841916817 0.08083938527780721 
0.056849690713169906 -0.02927401118666259 0.05510527966328453 
0.05894072150843006 -0.028956518429871056 0.04892177923370109 
0.05989841157056016 -0.023908346738008464 0.05295648880371656 
0.0578073807753 -0.0242258394948 0.0591399892333 
0.06085624822538307 -0.018859402327380856 0.05699181596282893 
0.061813938287513165 -0.013811230635518262 0.0610265255328444 
0.0587650708374301 -0.019177667802937406 0.06317469880331547 
0.055716349980039846 -0.024543332251591533 0.06532348966288344 
0.05266884469380272 -0.029908263077157972 0.06746945489262128 
0.05470573995580521 -0.029870455417625622 0.06106583042888885 
0.06204980829639281 -0.020862823764296597 0.046124851824901864 
0.06097305234102648 -0.025901236946371663 0.04210441923383963 
0.06253398514253367 -0.020047607906075064 0.03965930065843777 
0.0636107410979 -0.015009194724 0.0436797332495 
0.06409515687451714 -0.014193082856435087 0.037213807811097226 
0.06565608967602435 -0.00833945381613849 0.034768689235695364 
0.0651716738994072 -0.009155565683703404 0.04123461467409814 
0.06468749705326635 -0.009970781541924937 0.047700165840562234 
0.06420292429603645 -0.01078801239393716 0.05416331220881586 
0.06304031034982373 -0.016147869955181443 0.05028039658582788 
0.05594152256620705 -0.028743835646128986 0.02257639607466264 
0.05472162466192917 -0.027845518924511883 0.016219213902441874 
0.05762716014452212 -0.023131180964282898 0.019685187092779232 
0.0588470580488 -0.0240294976859 0.026042369265 
0.06053314037462504 -0.018416121384895758 0.023151690816285174 
0.06343867585721799 -0.013701783424666773 0.026617664006622535 
0.06175259353139295 -0.019315159725671015 0.02950834245533736 
0.06006695595307788 -0.024927814407517103 0.032399551437220765 
0.058380997174361016 -0.030539464994822768 0.035287779039481285 
0.05700086661938802 -0.029902656883840174 0.028742055773025795 
0.05631428565357921 -0.02073722500835663 0.01423247352916727 
0.053378314562662364 -0.025795097635079478 0.011315816668110719 
0.05347320628148315 -0.01994932553522285 0.008400678057643447 
0.0564091773724 -0.0148914529085 0.0113173349187 
0.05356811252528769 -0.014102658628677123 0.0054850932297247045 
0.05366300424410848 -0.008256886528820494 0.0025699546192574346 
0.056504069091220785 -0.009045680808643371 0.00840219630823273 
0.059345148463316844 -0.009833580281777153 0.014233991779756552 
0.062184682293837806 -0.01062350594278737 0.020063914856041913 
0.0592450132253633 -0.01600237759639702 0.017310214890205254 